java BaseballCap data/NM_002024/NM_002024SimulatedReadsLen100.fasta data/NM_002024/NM_002024Exons.fasta
LeftExon	RightExon	AvgLeftOverhang	AvgRightOverhang	Count
1	2	57.095238	42.904762	21
2	3	42.1	57.9	30
3	4	51.262295	48.737705	61
4	5	48.785713	51.214287	42
5	6	49.116665	50.883335	60
6	7	49.901962	50.098038	51
7	8	51.104168	48.895832	48
8	9	48.037037	51.962963	54
9	10	50.923077	49.076923	39
10	11	48.2807	51.7193	57
12	13	42.97059	57.02941	34
13	14	48.642857	51.357143	56
14	15	48.47619	51.52381	42
15	16	37.6875	62.3125	16
16	17	45.890907	54.109093	55
