java BaseballCap data/NM_002024/NM_002024SimulatedReadsLen75.fasta data/NM_002024/NM_002024Exons.fasta
LeftExon	RightExon	AvgLeftOverhang	AvgRightOverhang	Count
1	2	39.720932	35.279068	43
2	3	37.848484	37.151516	33
3	4	35.51282	39.48718	39
4	5	36.0	39.0	31
5	6	37.60606	37.39394	33
6	7	36.833332	38.166668	30
7	8	35.775	39.225	40
8	9	41.26829	33.73171	41
9	10	35.54286	39.45714	35
10	11	38.228573	36.771427	35
12	13	39.465115	35.534885	43
13	14	38.62963	36.37037	27
14	15	37.37037	37.62963	27
15	16	42.347828	32.652172	23
16	17	37.744186	37.255814	43
