java BaseballCap data/NM_002024/NM_002024SimulatedReadsLen50.fasta data/NM_002024/NM_002024Exons.fasta
LeftExon	RightExon	AvgLeftOverhang	AvgRightOverhang	Count
1	2	24.904762	25.095238	21
2	3	23.96875	26.03125	32
3	4	24.428572	25.571428	21
4	5	27.73913	22.26087	23
5	6	24.0625	25.9375	16
6	7	23.62069	26.37931	29
7	8	22.68421	27.31579	19
8	9	23.954546	26.045454	22
9	10	22.461538	27.538462	13
10	11	24.52381	25.47619	21
12	13	27.333334	22.666666	15
13	14	22.576923	27.423077	26
14	15	24.619047	25.380953	21
15	16	23.9	26.1	10
16	17	25.782608	24.217392	23
