java BaseballCap data/NM_002024/NM_002024SimulatedReadsLen25.fasta data/NM_002024/NM_002024Exons.fasta
LeftExon	RightExon	AvgLeftOverhang	AvgRightOverhang	Count
1	2	11.333333	13.666667	12
1	7	8.0	17.0	1
1	8	17.0	8.0	1
1	11	8.0	17.0	1
1	16	8.0	17.0	1
2	3	11.909091	13.090909	11
3	4	12.5	12.5	10
4	5	12.428572	12.571428	7
4	8	17.0	8.0	1
4	17	17.0	8.0	4
5	6	12.933333	12.066667	15
6	7	12.692307	12.307693	13
7	8	11.727273	13.272727	11
8	9	14.428572	10.571428	7
8	17	16.0	9.0	3
9	10	12.833333	12.166667	6
9	17	17.0	8.0	1
10	11	12.666667	12.333333	12
12	13	12.444445	12.555555	18
13	14	12.166667	12.833333	6
13	17	16.5	8.5	6
14	15	12.666667	12.333333	15
14	17	16.0	9.0	3
15	16	12.5	12.5	8
16	17	11.875	13.125	8
